S(t+1),aCo,bCo,cCo
2,1,0,0
7,1,2,4
10,1,9,81
27,1,19,361
13,1,46,2116
10,1,59,3481
10,1,69,4761
16,1,79,6241
2,1,95,9025
1,1,97,9409
0,1,98,9604
1,1,98,9604
0,1,99,9801
0,1,99,9801
1,1,99,9801
0,1,100,10000
